Position (m),LU Decomp Temperature (C),GS Temperature (C),Abs Error
0.0000,0.000,0.000,0.0000%
0.0256,2.564,2.564,0.0131%
0.0513,5.128,5.128,0.0259%
0.0769,7.692,7.692,0.0386%
0.1026,10.256,10.256,0.0509%
0.1282,12.821,12.820,0.0628%
0.1538,15.385,15.384,0.0742%
0.1795,17.949,17.948,0.0850%
0.2051,20.513,20.512,0.0953%
0.2308,23.077,23.076,0.1048%
0.2564,25.641,25.640,0.1136%
0.2821,28.205,28.204,0.1216%
0.3077,30.769,30.768,0.1288%
0.3333,33.333,33.332,0.1351%
0.3590,35.897,35.896,0.1405%
0.3846,38.462,38.460,0.1449%
0.4103,41.026,41.024,0.1484%
0.4359,43.590,43.588,0.1509%
0.4615,46.154,46.152,0.1524%
0.4872,48.718,48.716,0.1529%
0.5128,51.282,51.281,0.1524%
0.5385,53.846,53.845,0.1509%
0.5641,56.410,56.409,0.1485%
0.5897,58.974,58.973,0.1451%
0.6154,61.538,61.537,0.1408%
0.6410,64.103,64.101,0.1356%
0.6667,66.667,66.665,0.1295%
0.6923,69.231,69.230,0.1227%
0.7179,71.795,71.794,0.1151%
0.7436,74.359,74.358,0.1068%
0.7692,76.923,76.922,0.0979%
0.7949,79.487,79.486,0.0884%
0.8205,82.051,82.050,0.0784%
0.8462,84.615,84.615,0.0679%
0.8718,87.179,87.179,0.0571%
0.8974,89.744,89.743,0.0460%
0.9231,92.308,92.307,0.0347%
0.9487,94.872,94.872,0.0232%
0.9744,97.436,97.436,0.0116%
1.0000,100.000,100.000,0.0000%

Iterations,Max Error
1,50
2,25
3,12.5
4,9.375
5,7.031
6,5.469
7,4.688
8,4.028
9,3.491
10,3.055
11,2.777
12,2.529
13,2.31
14,2.118
15,1.948
16,1.827
17,1.714
18,1.611
19,1.516
20,1.43
21,1.35
22,1.289
23,1.231
24,1.177
25,1.126
26,1.078
27,1.033
28,0.991
29,0.9568
30,0.9242
31,0.8931
32,0.8634
33,0.8351
34,0.8082
35,0.7826
36,0.7581
37,0.7376
38,0.7179
39,0.6989
40,0.6805
41,0.6629
42,0.6459
43,0.6296
44,0.6138
45,0.5987
46,0.5857
47,0.573
48,0.5608
49,0.5489
50,0.5374
51,0.5262
52,0.5153
53,0.5048
54,0.4946
55,0.4847
56,0.4761
57,0.4676
58,0.4594
59,0.4514
60,0.4435
61,0.4359
62,0.4285
63,0.4212
64,0.4141
65,0.4072
66,0.4005
67,0.3945
68,0.3887
69,0.3829
70,0.3773
71,0.3718
72,0.3665
73,0.3612
74,0.356
75,0.351
76,0.346
77,0.3412
78,0.3365
79,0.3322
80,0.328
81,0.3239
82,0.3199
83,0.3159
84,0.312
85,0.3082
86,0.3044
87,0.3007
88,0.2971
89,0.2936
90,0.2901
91,0.2866
92,0.2835
93,0.2804
94,0.2774
95,0.2744
96,0.2715
97,0.2686
98,0.2658
99,0.263
100,0.2602
101,0.2575
102,0.2548
103,0.2522
104,0.2496
105,0.2471
106,0.2447
107,0.2424
108,0.2401
109,0.2379
110,0.2357
111,0.2335
112,0.2313
113,0.2292
114,0.2271
115,0.225
116,0.223
117,0.2209
118,0.219
119,0.217
120,0.215
121,0.2132
122,0.2114
123,0.2097
124,0.2079
125,0.2062
126,0.2045
127,0.2028
128,0.2012
129,0.1995
130,0.1979
131,0.1963
132,0.1947
133,0.1931
134,0.1916
135,0.19
136,0.1885
137,0.187
138,0.1856
139,0.1842
140,0.1828
141,0.1814
142,0.1801
143,0.1787
144,0.1774
145,0.1761
146,0.1748
147,0.1735
148,0.1722
149,0.171
150,0.1697
151,0.1685
152,0.1672
153,0.166
154,0.1648
155,0.1636
156,0.1624
157,0.1612
158,0.1601
159,0.1589
160,0.1578
161,0.1568
162,0.1557
163,0.1546
164,0.1535
165,0.1525
166,0.1514
167,0.1504
168,0.1494
169,0.1483
170,0.1473
171,0.1463
172,0.1453
173,0.1443
174,0.1433
175,0.1424
176,0.1414
177,0.1404
178,0.1395
179,0.1385
180,0.1376
181,0.1367
182,0.1357
183,0.1348
184,0.1339
185,0.133
186,0.1321
187,0.1312
188,0.1303
189,0.1295
190,0.1286
191,0.1278
192,0.127
193,0.1261
194,0.1253
195,0.1245
196,0.1237
197,0.1229
198,0.1221
199,0.1213
200,0.1205
201,0.1197
202,0.1189
203,0.1181
204,0.1173
205,0.1166
206,0.1158
207,0.1151
208,0.1143
209,0.1136
210,0.1128
211,0.1121
212,0.1113
213,0.1106
214,0.1099
215,0.1092
216,0.1085
217,0.1078
218,0.1071
219,0.1064
220,0.1057
221,0.105
222,0.1043
223,0.1036
224,0.1029
225,0.1023
226,0.1016
227,0.1009
228,0.1003
229,0.09962
230,0.09897
231,0.09833
232,0.09768
233,0.09705
234,0.09642
235,0.09579
236,0.09516
237,0.09455
238,0.09393
239,0.09332
240,0.09271
241,0.09211
242,0.09151
243,0.09091
244,0.09032
245,0.08973
246,0.08916
247,0.08858
248,0.08801
249,0.08744
250,0.08688
251,0.08632
252,0.08576
253,0.08521
254,0.08466
255,0.08411
256,0.08357
257,0.08303
258,0.0825
259,0.08197
260,0.08144
261,0.08091
262,0.08039
263,0.07987
264,0.07936
265,0.07884
266,0.07833
267,0.07783
268,0.07733
269,0.07683
270,0.07633
271,0.07584
272,0.07535
273,0.07486
274,0.07438
275,0.0739
276,0.07342
277,0.07295
278,0.07248
279,0.07201
280,0.07154
281,0.07108
282,0.07062
283,0.07017
284,0.06971
285,0.06926
286,0.06882
287,0.06837
288,0.06793
289,0.06749
290,0.06705
291,0.06662
292,0.06619
293,0.06576
294,0.06534
295,0.06492
296,0.0645
297,0.06408
298,0.06366
299,0.06325
300,0.06284
301,0.06244
302,0.06203
303,0.06163
304,0.06123
305,0.06084
306,0.06045
307,0.06005
308,0.05967
309,0.05928
310,0.0589
311,0.05852
312,0.05814
313,0.05776
314,0.05739
315,0.05702
316,0.05665
317,0.05628
318,0.05592
319,0.05556
320,0.0552
321,0.05484
322,0.05449
323,0.05413
324,0.05378
325,0.05344
326,0.05309
327,0.05275
328,0.05241
329,0.05207
330,0.05173
331,0.05139
332,0.05106
333,0.05073
334,0.0504
335,0.05008
336,0.04975
337,0.04943
338,0.04911
339,0.04879
340,0.04848
341,0.04817
342,0.04785
343,0.04754
344,0.04724
345,0.04693
346,0.04663
347,0.04633
348,0.04603
349,0.04573
350,0.04543
351,0.04514
352,0.04485
353,0.04456
354,0.04427
355,0.04398
356,0.0437
357,0.04341
358,0.04313
359,0.04285
360,0.04258
361,0.0423
362,0.04203
363,0.04175
364,0.04148
365,0.04122
366,0.04095
367,0.04068
368,0.04042
369,0.04016
370,0.0399
371,0.03964
372,0.03938
373,0.03913
374,0.03888
375,0.03862
376,0.03837
377,0.03813
378,0.03788
379,0.03763
380,0.03739
381,0.03715
382,0.03691
383,0.03667
384,0.03643
385,0.0362
386,0.03596
387,0.03573
388,0.0355
389,0.03527
390,0.03504
391,0.03481
392,0.03459
393,0.03436
394,0.03414
395,0.03392
396,0.0337
397,0.03348
398,0.03327
399,0.03305
400,0.03284
401,0.03262
402,0.03241
403,0.0322
404,0.03199
405,0.03179
406,0.03158
407,0.03138
408,0.03117
409,0.03097
410,0.03077
411,0.03057
412,0.03037
413,0.03018
414,0.02998
415,0.02979
416,0.0296
417,0.0294
418,0.02921
419,0.02902
420,0.02884
421,0.02865
422,0.02846
423,0.02828
424,0.0281
425,0.02792
426,0.02773
427,0.02756
428,0.02738
429,0.0272
430,0.02702
431,0.02685
432,0.02667
433,0.0265
434,0.02633
435,0.02616
436,0.02599
437,0.02582
438,0.02566
439,0.02549
440,0.02532
441,0.02516
442,0.025
443,0.02484
444,0.02467
445,0.02451
446,0.02436
447,0.0242
448,0.02404
449,0.02389
450,0.02373
451,0.02358
452,0.02343
453,0.02327
454,0.02312
455,0.02297
456,0.02282
457,0.02268
458,0.02253
459,0.02238
460,0.02224
461,0.02209
462,0.02195
463,0.02181
464,0.02167
465,0.02153
466,0.02139
467,0.02125
468,0.02111
469,0.02098
470,0.02084
471,0.02071
472,0.02057
473,0.02044
474,0.02031
475,0.02017
476,0.02004
477,0.01991
478,0.01979
479,0.01966
480,0.01953
481,0.0194
482,0.01928
483,0.01915
484,0.01903
485,0.01891
486,0.01878
487,0.01866
488,0.01854
489,0.01842
490,0.0183
491,0.01818
492,0.01807
493,0.01795
494,0.01783
495,0.01772
496,0.0176
497,0.01749
498,0.01737
499,0.01726
500,0.01715
501,0.01704
502,0.01693
503,0.01682
504,0.01671
505,0.0166
506,0.01649
507,0.01639
508,0.01628
509,0.01618
510,0.01607
511,0.01597
512,0.01586
513,0.01576
514,0.01566
515,0.01556
516,0.01546
517,0.01536
518,0.01526
519,0.01516
520,0.01506
521,0.01496
522,0.01487
523,0.01477
524,0.01467
525,0.01458
526,0.01449
527,0.01439
528,0.0143
529,0.01421
530,0.01411
531,0.01402
532,0.01393
533,0.01384
534,0.01375
535,0.01366
536,0.01357
537,0.01349
538,0.0134
539,0.01331
540,0.01323
541,0.01314
542,0.01306
543,0.01297
544,0.01289
545,0.0128
546,0.01272
547,0.01264
548,0.01256
549,0.01248
550,0.01239
551,0.01231
552,0.01223
553,0.01216
554,0.01208
555,0.012
556,0.01192
557,0.01184
558,0.01177
559,0.01169
560,0.01161
561,0.01154
562,0.01146
563,0.01139
564,0.01132
565,0.01124
566,0.01117
567,0.0111
568,0.01103
569,0.01096
570,0.01088
571,0.01081
572,0.01074
573,0.01067
574,0.01061
575,0.01054
576,0.01047
577,0.0104
578,0.01033
579,0.01027
580,0.0102
581,0.01013
582,0.01007
583,0.01
584,0.009938
585,0.009874
586,0.00981
587,0.009746
588,0.009683
589,0.00962
590,0.009558
591,0.009496
592,0.009435
593,0.009374
594,0.009313
595,0.009253
596,0.009193
597,0.009133
598,0.009074
599,0.009015
600,0.008957
601,0.008899
602,0.008841
603,0.008784
604,0.008727
605,0.008671
606,0.008615
607,0.008559
608,0.008503
609,0.008448
610,0.008394
611,0.008339
612,0.008285
613,0.008232
614,0.008178
615,0.008125
616,0.008073
617,0.008021
618,0.007969
619,0.007917
620,0.007866
621,0.007815
622,0.007764
623,0.007714
624,0.007664
625,0.007614
626,0.007565
627,0.007516
628,0.007467
629,0.007419
630,0.007371
631,0.007323
632,0.007276
633,0.007229
634,0.007182
635,0.007136
636,0.007089
637,0.007043
638,0.006998
639,0.006952
640,0.006907
641,0.006863
642,0.006818
643,0.006774
644,0.00673
645,0.006687
646,0.006643
647,0.0066
648,0.006558
649,0.006515
650,0.006473
651,0.006431
652,0.006389
653,0.006348
654,0.006307
655,0.006266
656,0.006226
657,0.006185
658,0.006145
659,0.006105
660,0.006066
661,0.006027
662,0.005988
663,0.005949
664,0.00591
665,0.005872
666,0.005834
667,0.005796
668,0.005759
669,0.005721
670,0.005684
671,0.005648
672,0.005611
673,0.005575
674,0.005539
675,0.005503
676,0.005467
677,0.005432
678,0.005397
679,0.005362
680,0.005327
681,0.005292
682,0.005258
683,0.005224
684,0.00519
685,0.005157
686,0.005123
687,0.00509
688,0.005057
689,0.005024
690,0.004992
691,0.00496
692,0.004927
693,0.004896
694,0.004864
695,0.004832
696,0.004801
697,0.00477
698,0.004739
699,0.004708
700,0.004678
701,0.004648
702,0.004618
703,0.004588
704,0.004558
705,0.004528
706,0.004499
707,0.00447
708,0.004441
709,0.004412
710,0.004384
711,0.004355
712,0.004327
713,0.004299
714,0.004271
715,0.004244
716,0.004216
717,0.004189
718,0.004162
719,0.004135
720,0.004108
721,0.004081
722,0.004055
723,0.004029
724,0.004003
725,0.003977
726,0.003951
727,0.003925
728,0.0039
729,0.003875
730,0.00385
731,0.003825
732,0.0038
733,0.003775
734,0.003751
735,0.003727
736,0.003702
737,0.003678
738,0.003655
739,0.003631
740,0.003607
741,0.003584
742,0.003561
743,0.003538
744,0.003515
745,0.003492
746,0.00347
747,0.003447
748,0.003425
749,0.003403
750,0.003381
751,0.003359
752,0.003337
753,0.003315
754,0.003294
755,0.003273
756,0.003251
757,0.00323
758,0.003209
759,0.003189
760,0.003168
761,0.003147
762,0.003127
763,0.003107
764,0.003087
765,0.003067
766,0.003047
767,0.003027
768,0.003008
769,0.002988
770,0.002969
771,0.00295
772,0.00293
773,0.002911
774,0.002893
775,0.002874
776,0.002855
777,0.002837
778,0.002818
779,0.0028
780,0.002782
781,0.002764
782,0.002746
783,0.002728
784,0.002711
785,0.002693
786,0.002676
787,0.002658
788,0.002641
789,0.002624
790,0.002607
791,0.00259
792,0.002573
793,0.002557
794,0.00254
795,0.002524
796,0.002507
797,0.002491
798,0.002475
799,0.002459
800,0.002443
801,0.002427
802,0.002412
803,0.002396
804,0.00238
805,0.002365
806,0.00235
807,0.002334
808,0.002319
809,0.002304
810,0.002289
811,0.002275
812,0.00226
813,0.002245
814,0.002231
815,0.002216
816,0.002202
817,0.002188
818,0.002173
819,0.002159
820,0.002145
821,0.002132
822,0.002118
823,0.002104
824,0.00209
825,0.002077
826,0.002063
827,0.00205
828,0.002037
829,0.002024
830,0.00201
831,0.001997
832,0.001985
833,0.001972
834,0.001959
835,0.001946
836,0.001934
837,0.001921
838,0.001909
839,0.001896
840,0.001884
841,0.001872
842,0.00186
843,0.001848
844,0.001836
845,0.001824
846,0.001812
847,0.0018
848,0.001789
849,0.001777
850,0.001766
851,0.001754
852,0.001743
853,0.001731
854,0.00172
855,0.001709
856,0.001698
857,0.001687
858,0.001676
859,0.001665
860,0.001655
861,0.001644
862,0.001633
863,0.001623
864,0.001612
865,0.001602
866,0.001591
867,0.001581
868,0.001571
869,0.001561
870,0.00155
871,0.00154
872,0.00153
873,0.001521
874,0.001511
875,0.001501
876,0.001491
877,0.001482
878,0.001472
879,0.001462
880,0.001453
881,0.001444
882,0.001434
883,0.001425
884,0.001416
885,0.001406
886,0.001397
887,0.001388
888,0.001379
889,0.00137
890,0.001362
891,0.001353
892,0.001344
893,0.001335
894,0.001327
895,0.001318
896,0.00131
897,0.001301
898,0.001293
899,0.001284
900,0.001276
901,0.001268
902,0.001259
903,0.001251
904,0.001243
905,0.001235
906,0.001227
907,0.001219
908,0.001211
909,0.001203
910,0.001196
911,0.001188
912,0.00118
913,0.001173
914,0.001165
915,0.001157
916,0.00115
917,0.001143
918,0.001135
919,0.001128
920,0.00112
921,0.001113
922,0.001106
923,0.001099
924,0.001092
925,0.001085
926,0.001078
927,0.001071
928,0.001064
929,0.001057
930,0.00105
931,0.001043
932,0.001036
933,0.00103
934,0.001023
935,0.001016
936,0.00101
937,0.001003
938,0.0009968
939,0.0009904
940,0.000984
941,0.0009776
942,0.0009713
943,0.000965
944,0.0009587
945,0.0009525
946,0.0009463
947,0.0009402
948,0.0009341
949,0.0009281
950,0.0009221
951,0.0009161
952,0.0009102
953,0.0009043
954,0.0008984
955,0.0008926
956,0.0008868
957,0.0008811
958,0.0008754
959,0.0008697
960,0.0008641
961,0.0008585
962,0.0008529
963,0.0008474
964,0.0008419
965,0.0008365
966,0.000831
967,0.0008257
968,0.0008203
969,0.000815
970,0.0008097
971,0.0008045
972,0.0007993
973,0.0007941
974,0.000789
975,0.0007839
976,0.0007788
977,0.0007737
978,0.0007687
979,0.0007638
980,0.0007588
981,0.0007539
982,0.000749
983,0.0007442
984,0.0007393
985,0.0007346
986,0.0007298
987,0.0007251
988,0.0007204
989,0.0007157
990,0.0007111
991,0.0007065
992,0.0007019
993,0.0006974
994,0.0006928
995,0.0006884
996,0.0006839
997,0.0006795
998,0.0006751
999,0.0006707
1000,0.0006664
1001,0.000662
1002,0.0006578
1003,0.0006535
1004,0.0006493
1005,0.0006451
1006,0.0006409
1007,0.0006367
1008,0.0006326
1009,0.0006285
1010,0.0006244
1011,0.0006204
1012,0.0006164
1013,0.0006124
1014,0.0006084
1015,0.0006045
1016,0.0006006
1017,0.0005967
1018,0.0005928
1019,0.000589
1020,0.0005852
1021,0.0005814
1022,0.0005776
1023,0.0005739
1024,0.0005702
1025,0.0005665
1026,0.0005628
1027,0.0005592
1028,0.0005555
1029,0.0005519
1030,0.0005484
1031,0.0005448
1032,0.0005413
1033,0.0005378
1034,0.0005343
1035,0.0005308
1036,0.0005274
1037,0.000524
1038,0.0005206
1039,0.0005172
1040,0.0005139
1041,0.0005106
1042,0.0005072
1043,0.000504
1044,0.0005007
1045,0.0004975
1046,0.0004942
1047,0.000491
1048,0.0004879
1049,0.0004847
1050,0.0004816
1051,0.0004784
1052,0.0004753
1053,0.0004723
1054,0.0004692
1055,0.0004662
1056,0.0004632
1057,0.0004602
1058,0.0004572
1059,0.0004542
1060,0.0004513
1061,0.0004484
1062,0.0004454
1063,0.0004426
1064,0.0004397
1065,0.0004369
1066,0.000434
1067,0.0004312
1068,0.0004284
1069,0.0004256
1070,0.0004229
1071,0.0004202
1072,0.0004174
1073,0.0004147
1074,0.000412
1075,0.0004094
1076,0.0004067
1077,0.0004041
1078,0.0004015
1079,0.0003989
1080,0.0003963
1081,0.0003937
1082,0.0003912
1083,0.0003886
1084,0.0003861
1085,0.0003836
1086,0.0003811
1087,0.0003787
1088,0.0003762
1089,0.0003738
1090,0.0003714
1091,0.000369
1092,0.0003666
1093,0.0003642
1094,0.0003618
1095,0.0003595
1096,0.0003572
1097,0.0003549
1098,0.0003526
1099,0.0003503
1100,0.000348
1101,0.0003458
1102,0.0003435
1103,0.0003413
1104,0.0003391
1105,0.0003369
1106,0.0003347
1107,0.0003325
1108,0.0003304
1109,0.0003282
1110,0.0003261
1111,0.000324
1112,0.0003219
1113,0.0003198
1114,0.0003178
1115,0.0003157
1116,0.0003137
1117,0.0003116
1118,0.0003096
1119,0.0003076
1120,0.0003056
1121,0.0003036
1122,0.0003017
1123,0.0002997
1124,0.0002978
1125,0.0002958
1126,0.0002939
1127,0.000292
1128,0.0002901
1129,0.0002883
1130,0.0002864
1131,0.0002845
1132,0.0002827
1133,0.0002809
1134,0.000279
1135,0.0002772
1136,0.0002754
1137,0.0002737
1138,0.0002719
1139,0.0002701
1140,0.0002684
1141,0.0002666
1142,0.0002649
1143,0.0002632
1144,0.0002615
1145,0.0002598
1146,0.0002581
1147,0.0002564
1148,0.0002548
1149,0.0002531
1150,0.0002515
1151,0.0002499
1152,0.0002483
1153,0.0002466
1154,0.000245
1155,0.0002435
1156,0.0002419
1157,0.0002403
1158,0.0002388
1159,0.0002372
1160,0.0002357
1161,0.0002342
1162,0.0002326
1163,0.0002311
1164,0.0002296
1165,0.0002281
1166,0.0002267
1167,0.0002252
1168,0.0002237
1169,0.0002223
1170,0.0002209
1171,0.0002194
1172,0.000218
1173,0.0002166
1174,0.0002152
1175,0.0002138
1176,0.0002124
1177,0.000211
1178,0.0002097
1179,0.0002083
1180,0.000207
1181,0.0002056
1182,0.0002043
1183,0.000203
1184,0.0002017
1185,0.0002004
1186,0.0001991
1187,0.0001978
1188,0.0001965
1189,0.0001952
1190,0.000194
1191,0.0001927
1192,0.0001914
1193,0.0001902
1194,0.000189
1195,0.0001878
1196,0.0001865
1197,0.0001853
1198,0.0001841
1199,0.0001829
1200,0.0001818
1201,0.0001806
1202,0.0001794
1203,0.0001782
1204,0.0001771
1205,0.0001759
1206,0.0001748
1207,0.0001737
1208,0.0001725
1209,0.0001714
1210,0.0001703
1211,0.0001692
1212,0.0001681
1213,0.000167
1214,0.000166
1215,0.0001649
1216,0.0001638
1217,0.0001627
1218,0.0001617
1219,0.0001606
1220,0.0001596
1221,0.0001586
1222,0.0001575
1223,0.0001565
1224,0.0001555
1225,0.0001545
1226,0.0001535
1227,0.0001525
1228,0.0001515
1229,0.0001505
1230,0.0001496
1231,0.0001486
1232,0.0001476
1233,0.0001467
1234,0.0001457
1235,0.0001448
1236,0.0001439
1237,0.0001429
1238,0.000142
1239,0.0001411
1240,0.0001402
1241,0.0001393
1242,0.0001384
1243,0.0001375
1244,0.0001366
1245,0.0001357
1246,0.0001348
1247,0.0001339
1248,0.0001331
1249,0.0001322
1250,0.0001313
1251,0.0001305
1252,0.0001297
1253,0.0001288
1254,0.000128
1255,0.0001271
1256,0.0001263
1257,0.0001255
1258,0.0001247
1259,0.0001239
1260,0.0001231
1261,0.0001223
1262,0.0001215
1263,0.0001207
1264,0.0001199
1265,0.0001192
1266,0.0001184
1267,0.0001176
1268,0.0001169
1269,0.0001161
1270,0.0001153
1271,0.0001146
1272,0.0001139
1273,0.0001131
1274,0.0001124
1275,0.0001117
1276,0.0001109
1277,0.0001102
1278,0.0001095
1279,0.0001088
1280,0.0001081
1281,0.0001074
1282,0.0001067
1283,0.000106
1284,0.0001053
1285,0.0001046
1286,0.000104
1287,0.0001033
1288,0.0001026
1289,0.000102
1290,0.0001013
1291,0.0001006
1292,9.998e-05
1293,9.934e-05
1294,9.869e-05
1295,9.806e-05
1296,9.742e-05
1297,9.679e-05
1298,9.616e-05
1299,9.554e-05
1300,9.492e-05
1301,9.431e-05
1302,9.37e-05
1303,9.309e-05
1304,9.249e-05
1305,9.189e-05
1306,9.129e-05
1307,9.07e-05
1308,9.011e-05
1309,8.953e-05
1310,8.895e-05
1311,8.838e-05
1312,8.78e-05
1313,8.723e-05
1314,8.667e-05
1315,8.611e-05
1316,8.555e-05
1317,8.5e-05
1318,8.445e-05
1319,8.39e-05
1320,8.336e-05
1321,8.282e-05
1322,8.228e-05
1323,8.175e-05
1324,8.122e-05
1325,8.069e-05
1326,8.017e-05
1327,7.965e-05
1328,7.914e-05
1329,7.862e-05
1330,7.811e-05
1331,7.761e-05
1332,7.711e-05
1333,7.661e-05
1334,7.611e-05
1335,7.562e-05
1336,7.513e-05
1337,7.464e-05
1338,7.416e-05
1339,7.368e-05
1340,7.32e-05
1341,7.273e-05
1342,7.226e-05
1343,7.179e-05
1344,7.132e-05
1345,7.086e-05
1346,7.04e-05
1347,6.995e-05
1348,6.949e-05
1349,6.904e-05
1350,6.86e-05
1351,6.815e-05
1352,6.771e-05
1353,6.727e-05
1354,6.684e-05
1355,6.641e-05
1356,6.598e-05
1357,6.555e-05
1358,6.512e-05
1359,6.47e-05
1360,6.428e-05
1361,6.387e-05
1362,6.345e-05
1363,6.304e-05
1364,6.263e-05
1365,6.223e-05
1366,6.183e-05
1367,6.143e-05
1368,6.103e-05
1369,6.063e-05
1370,6.024e-05
1371,5.985e-05
1372,5.946e-05
1373,5.908e-05
1374,5.869e-05
1375,5.831e-05
1376,5.794e-05
1377,5.756e-05
1378,5.719e-05
1379,5.682e-05
1380,5.645e-05
1381,5.609e-05
1382,5.572e-05
1383,5.536e-05
1384,5.5e-05
1385,5.465e-05
1386,5.429e-05
1387,5.394e-05
1388,5.359e-05
1389,5.325e-05
1390,5.29e-05
1391,5.256e-05
1392,5.222e-05
1393,5.188e-05
1394,5.154e-05
1395,5.121e-05
1396,5.088e-05
1397,5.055e-05
1398,5.022e-05
1399,4.99e-05
1400,4.957e-05
1401,4.925e-05
1402,4.893e-05
1403,4.862e-05
1404,4.83e-05
1405,4.799e-05
1406,4.768e-05
1407,4.737e-05
1408,4.706e-05
1409,4.676e-05
1410,4.646e-05
1411,4.615e-05
1412,4.586e-05
1413,4.556e-05
1414,4.526e-05
1415,4.497e-05
1416,4.468e-05
1417,4.439e-05
1418,4.41e-05
1419,4.382e-05
1420,4.353e-05
1421,4.325e-05
1422,4.297e-05
1423,4.269e-05
1424,4.242e-05
1425,4.214e-05
1426,4.187e-05
1427,4.16e-05
1428,4.133e-05
1429,4.106e-05
1430,4.08e-05
1431,4.053e-05
1432,4.027e-05
1433,4.001e-05
1434,3.975e-05
1435,3.949e-05
1436,3.924e-05
1437,3.898e-05
1438,3.873e-05
1439,3.848e-05
1440,3.823e-05
1441,3.798e-05
1442,3.774e-05
1443,3.749e-05
1444,3.725e-05
1445,3.701e-05
1446,3.677e-05
1447,3.653e-05
1448,3.629e-05
1449,3.606e-05
1450,3.583e-05
1451,3.559e-05
1452,3.536e-05
1453,3.513e-05
1454,3.491e-05
1455,3.468e-05
1456,3.446e-05
1457,3.423e-05
1458,3.401e-05
1459,3.379e-05
1460,3.357e-05
1461,3.335e-05
1462,3.314e-05
1463,3.292e-05
1464,3.271e-05
1465,3.25e-05
1466,3.229e-05
1467,3.208e-05
1468,3.187e-05
1469,3.167e-05
1470,3.146e-05
1471,3.126e-05
1472,3.105e-05
1473,3.085e-05
1474,3.065e-05
1475,3.046e-05
1476,3.026e-05
1477,3.006e-05
1478,2.987e-05
1479,2.967e-05
1480,2.948e-05
1481,2.929e-05
1482,2.91e-05
1483,2.891e-05
1484,2.873e-05
1485,2.854e-05
1486,2.836e-05
1487,2.817e-05
1488,2.799e-05
1489,2.781e-05
1490,2.763e-05
1491,2.745e-05
1492,2.727e-05
1493,2.709e-05
1494,2.692e-05
1495,2.674e-05
1496,2.657e-05
1497,2.64e-05
1498,2.623e-05
1499,2.606e-05
1500,2.589e-05
1501,2.572e-05
1502,2.556e-05
1503,2.539e-05
1504,2.523e-05
1505,2.506e-05
1506,2.49e-05
1507,2.474e-05
1508,2.458e-05
1509,2.442e-05
1510,2.426e-05
1511,2.41e-05
1512,2.395e-05
1513,2.379e-05
1514,2.364e-05
1515,2.349e-05
1516,2.333e-05
1517,2.318e-05
1518,2.303e-05
1519,2.288e-05
1520,2.274e-05
1521,2.259e-05
1522,2.244e-05
1523,2.23e-05
1524,2.215e-05
1525,2.201e-05
1526,2.187e-05
1527,2.173e-05
1528,2.158e-05
1529,2.144e-05
1530,2.131e-05
1531,2.117e-05
1532,2.103e-05
1533,2.089e-05
1534,2.076e-05
1535,2.063e-05
1536,2.049e-05
1537,2.036e-05
1538,2.023e-05
1539,2.01e-05
1540,1.997e-05
1541,1.984e-05
1542,1.971e-05
1543,1.958e-05
1544,1.945e-05
1545,1.933e-05
1546,1.92e-05
1547,1.908e-05
1548,1.895e-05
1549,1.883e-05
1550,1.871e-05
1551,1.859e-05
1552,1.847e-05
1553,1.835e-05
1554,1.823e-05
1555,1.811e-05
1556,1.8e-05
1557,1.788e-05
1558,1.776e-05
1559,1.765e-05
1560,1.753e-05
1561,1.742e-05
1562,1.731e-05
1563,1.72e-05
1564,1.708e-05
1565,1.697e-05
1566,1.686e-05
1567,1.675e-05
1568,1.665e-05
1569,1.654e-05
1570,1.643e-05
1571,1.632e-05
1572,1.622e-05
1573,1.611e-05
1574,1.601e-05
1575,1.591e-05
1576,1.58e-05
1577,1.57e-05
1578,1.56e-05
1579,1.55e-05
1580,1.54e-05
1581,1.53e-05
1582,1.52e-05
1583,1.51e-05
1584,1.5e-05
1585,1.491e-05
1586,1.481e-05
1587,1.471e-05
1588,1.462e-05
1589,1.452e-05
1590,1.443e-05
1591,1.434e-05
1592,1.424e-05
1593,1.415e-05
1594,1.406e-05
1595,1.397e-05
1596,1.388e-05
1597,1.379e-05
1598,1.37e-05
1599,1.361e-05
1600,1.352e-05
1601,1.343e-05
1602,1.335e-05
1603,1.326e-05
1604,1.317e-05
1605,1.309e-05
1606,1.3e-05
1607,1.292e-05
1608,1.284e-05
1609,1.275e-05
1610,1.267e-05
1611,1.259e-05
1612,1.251e-05
1613,1.243e-05
1614,1.235e-05
1615,1.227e-05
1616,1.219e-05
1617,1.211e-05
1618,1.203e-05
1619,1.195e-05
1620,1.187e-05
1621,1.18e-05
1622,1.172e-05
1623,1.164e-05
1624,1.157e-05
1625,1.149e-05
1626,1.142e-05
1627,1.135e-05
1628,1.127e-05
1629,1.12e-05
1630,1.113e-05
1631,1.106e-05
1632,1.098e-05
1633,1.091e-05
1634,1.084e-05
1635,1.077e-05
1636,1.07e-05
1637,1.063e-05
1638,1.056e-05
1639,1.05e-05
1640,1.043e-05
1641,1.036e-05
1642,1.029e-05
1643,1.023e-05
1644,1.016e-05
1645,1.009e-05
1646,1.003e-05
1647,9.964e-06

,Results
Iterations,1647
Absolute Error (degC),9.964e-06
Convergence Criteria,1e-05

